201,204,1;151,152,1:0.899949673563
201,204,1;151,152,2:0.899949673563
201,204,1;152,3004,1:0.912361896038
201,202,1;152,3004,1:0.94412317276
201,204,1;3001,3003,1:0.946303424239
151,152,2;152,3004,1:0.950888414132
151,152,1;152,3004,1:0.950888414132
201,204,1;153,154,1:0.951988028155
201,204,1;153,154,2:0.953254530827
201,202,1;152,202,1:0.9543136172
201,204,1;154,203,1:0.956849957214
201,204,1;153,3006,1:0.957787387901
201,204,1;152,202,1:0.958312794566
201,204,1;154,205,1:0.959696275346
201,202,1;154,205,1:0.960903054789
3005,3006,1;201,204,1:0.961323919892
151,201,1;201,204,1:0.962596934575
201,204,1;154,3008,1:0.963181994463
201,204,1;3002,3004,1:0.96375593685
201,202,1;3001,3003,1:0.964080938271
201,204,1;3005,3008,1:0.964106199287
201,204,1;3003,3005,2:0.96520398912
201,204,1;3003,3005,1:0.96520398912
201,204,1;203,205,1:0.965518610044
201,204,1;203,205,2:0.965518610044
151,152,2;154,205,1:0.967078870535
151,152,1;154,205,1:0.967078870535
201,204,1;201,204,1:0.967546397989
151,152,1;152,202,1:0.968288589269
151,152,2;152,202,1:0.968288589269
151,152,1;3001,3003,1:0.96882160604
151,152,2;3001,3003,1:0.96882160604
201,204,1;3007,3008,1:0.969521409935
154,203,1;154,205,1:0.970447953258
201,202,1;153,154,1:0.970853934163
201,202,1;153,154,2:0.970937255182
152,3004,1;153,3006,1:0.970988074938
152,3004,1;3001,3003,1:0.971600227886
201,202,1;153,3006,1:0.971604641941
151,201,1;152,3004,1:0.97232298553
152,3004,1;154,205,1:0.972810435863
3005,3007,1;201,204,1:0.973370116008
3005,3006,1;152,3004,1:0.973397342598
201,202,1;154,203,1:0.973588253322
201,202,1;3005,3006,1:0.97478286624
151,152,2;153,154,1:0.975000214577
151,152,1;153,154,1:0.975000214577
151,152,2;153,154,2:0.975003680587
151,152,1;153,154,2:0.975003680587
201,202,1;201,202,1:0.975314566722
201,202,1;154,3008,1:0.975374743342
151,152,1;153,3006,1:0.975528516267
151,152,2;153,3006,1:0.975528516267
152,3004,1;152,202,1:0.976350992918
154,203,1;151,152,1:0.976388153434
154,203,1;151,152,2:0.976388153434
201,202,1;3005,3008,1:0.976465801398
201,202,1;203,205,2:0.97663511123
201,202,1;203,205,1:0.97663511123
201,202,1;3003,3005,1:0.976771209921
201,202,1;3003,3005,2:0.976771209921
201,202,1;3002,3004,1:0.976870922815
3005,3008,1;151,152,1:0.977935436226
3005,3008,1;151,152,2:0.977935436226
151,152,2;154,3008,1:0.978895218599
151,152,1;154,3008,1:0.978895218599
3005,3006,1;151,152,1:0.978920400143
3005,3006,1;151,152,2:0.978920400143
154,205,1;3001,3003,1:0.978922520813
151,152,2;203,205,2:0.979204451337
203,205,1;151,152,2:0.979204451337
203,205,1;151,152,1:0.979204451337
151,152,1;203,205,2:0.979204451337
154,205,1;153,154,1:0.979380495846
154,205,1;153,154,2:0.980191163719
203,205,2;154,205,1:0.980424387114
203,205,1;154,205,1:0.980424387114
152,3004,1;153,154,1:0.980458174433
151,152,1;3003,3005,1:0.980732154846
151,152,2;3003,3005,2:0.980732154846
151,152,2;3003,3005,1:0.980732154846
151,152,1;3003,3005,2:0.980732154846
152,3004,1;153,154,2:0.980910721279
151,152,1;3002,3004,1:0.980937480927
151,152,2;3002,3004,1:0.980937480927
151,152,2;151,152,2:0.981593966484
151,152,1;151,152,1:0.981593966484
201,202,1;3007,3008,1:0.982209990422
152,3004,1;154,3008,1:0.982617909
3005,3008,1;152,3004,1:0.982688219924
154,205,1;154,205,1:0.983043040548
203,205,1;152,3004,1:0.983095112443
152,3004,1;203,205,2:0.983095112443
154,203,1;152,3004,1:0.983449989841
152,3004,1;3002,3004,1:0.985023283296
201,202,1;3005,3007,1:0.985052739319
152,3004,1;3003,3005,2:0.985147370232
152,3004,1;3003,3005,1:0.985147370232
152,202,1;154,205,1:0.985572785139
151,152,2;3007,3008,1:0.985631268275
151,152,1;3007,3008,1:0.985631268275
152,3004,1;152,3004,1:0.986058073885
154,205,1;153,3006,1:0.98641790362
3005,3008,1;154,205,1:0.986569295327
153,154,2;153,154,1:0.987849553426
3005,3006,1;154,205,1:0.988378130727
3005,3007,1;151,152,1:0.989090628094
3005,3007,1;151,152,2:0.989090628094
154,205,1;3003,3005,2:0.9891850666
154,205,1;3003,3005,1:0.9891850666
154,205,1;154,3008,1:0.990400284529
154,205,1;3002,3004,1:0.991218832135
3007,3008,1;152,3004,1:0.992219742801
152,202,1;3001,3003,1:0.992292517707
3001,3003,1;153,3006,1:0.992776159197
3005,3008,1;3001,3003,1:0.993022116025
151,201,1;154,205,1:0.993322096373
153,154,1;3001,3003,1:0.99352471452
3005,3007,1;152,3004,1:0.993656534702
153,154,2;3001,3003,1:0.993697913069
152,202,1;153,154,1:0.994329127669
3007,3008,1;154,205,1:0.994397985935
152,202,1;153,154,2:0.994650384784
201,202,1;151,201,1:0.994856747297
153,154,1;153,3006,1:0.994922999293
3005,3006,1;3001,3003,1:0.995282967885
154,203,1;153,154,1:0.995298560709
153,154,1;153,154,1:0.995404938857
153,154,2;153,3006,1:0.995622832328
152,202,1;153,3006,1:0.995679723589
153,154,2;153,154,2:0.995823860168
154,203,1;153,154,2:0.995830923319
203,205,1;153,154,1:0.996138162911
203,205,2;153,154,1:0.996138162911
203,205,1;3001,3003,1:0.996316369842
203,205,2;3001,3003,1:0.996316369842
203,205,2;153,154,2:0.996608614922
203,205,1;153,154,2:0.996608614922
154,203,1;3001,3003,1:0.996712530914
154,203,1;152,202,1:0.996834442019
3005,3006,1;152,202,1:0.996877327561
3005,3008,1;153,154,1:0.9970278177
3005,3008,1;152,202,1:0.997208620821
3005,3008,1;153,154,2:0.997388849656
203,205,1;154,203,1:0.99746384791
154,203,1;203,205,2:0.99746384791
153,3006,1;153,3006,1:0.99756356386
152,202,1;3003,3005,2:0.997932323388
152,202,1;3003,3005,1:0.997932323388
151,201,1;152,202,1:0.997951872647
152,202,1;152,202,1:0.998068828136
153,154,1;154,3008,1:0.998144224286
3001,3003,1;154,3008,1:0.998146793422
153,154,2;154,3008,1:0.998259250075
3005,3007,1;154,205,1:0.998298950055
203,205,1;203,205,2:0.998392641544
3005,3006,1;3005,3008,1:0.998468271324
3005,3006,1;153,154,1:0.998596350352
203,205,1;152,202,1:0.998978390413
203,205,2;152,202,1:0.998978390413
152,202,1;3002,3004,1:0.999019514947
3005,3006,1;153,154,2:0.999080687761
154,203,1;154,203,1:0.999326416424
3005,3008,1;3003,3005,1:0.999686952432
3005,3008,1;3003,3005,2:0.999686952432
3003,3005,2;153,154,1:0.999904582375
3003,3005,1;153,154,1:0.999904582375
3005,3008,1;3005,3008,1:1.00011501568
203,205,2;203,205,2:1.00012359023
203,205,1;203,205,1:1.00012359023
3003,3005,2;153,154,2:1.00012587874
3003,3005,1;153,154,2:1.00012587874
152,202,1;154,3008,1:1.00024167413
3005,3008,1;154,3008,1:1.00051467493
203,205,2;153,3006,1:1.00051813573
203,205,1;153,3006,1:1.00051813573
154,3008,1;154,3008,1:1.0007274832
3003,3005,1;153,3006,1:1.00102719292
3003,3005,2;153,3006,1:1.00102719292
3003,3005,1;3001,3003,1:1.001083775
3003,3005,2;3001,3003,1:1.001083775
3005,3008,1;153,3006,1:1.00119115412
154,203,1;154,3008,1:1.00144898146
153,154,1;3002,3004,1:1.00148588733
153,154,2;3002,3004,1:1.00180416986
153,3006,1;154,3008,1:1.00180474296
154,203,1;3005,3008,1:1.0018622809
3001,3003,1;3001,3003,1:1.00188737445
154,203,1;153,3006,1:1.0019258997
203,205,1;154,3008,1:1.0019508265
203,205,2;154,3008,1:1.0019508265
151,201,1;153,154,1:1.00225170976
3005,3008,1;3002,3004,1:1.0024773198
3005,3008,1;203,205,2:1.00250755085
203,205,1;3005,3008,1:1.00250755085
151,201,1;3001,3003,1:1.00277280807
3005,3006,1;203,205,1:1.00283122413
3005,3006,1;203,205,2:1.00283122413
3002,3004,1;153,3006,1:1.00286819413
3005,3006,1;154,3008,1:1.00309699029
203,205,2;3003,3005,2:1.00332778361
203,205,2;3003,3005,1:1.00332778361
203,205,1;3003,3005,1:1.00332778361
203,205,1;3003,3005,2:1.00332778361
151,201,1;153,154,2:1.00368043623
3005,3006,1;154,203,1:1.00397367941
3003,3005,2;154,3008,1:1.00398773306
3003,3005,1;154,3008,1:1.00398773306
154,203,1;3003,3005,1:1.00418754628
154,203,1;3003,3005,2:1.00418754628
3005,3006,1;3003,3005,2:1.0042950213
3005,3006,1;3003,3005,1:1.0042950213
3003,3005,1;3003,3005,2:1.00453632528
3005,3006,1;3005,3006,1:1.00472645868
3007,3008,1;152,202,1:1.00490681435
3005,3007,1;152,202,1:1.00498430039
203,205,1;3002,3004,1:1.00543498679
203,205,2;3002,3004,1:1.00543498679
3002,3004,1;154,3008,1:1.00577991573
154,203,1;3002,3004,1:1.00630324483
3007,3008,1;153,154,1:1.00647383928
3005,3006,1;3002,3004,1:1.00682430182
3007,3008,1;153,154,2:1.0070141832
3005,3007,1;3005,3008,1:1.00767745421
3005,3008,1;3007,3008,1:1.00767745421
3007,3008,1;3007,3008,1:1.00781142712
151,201,1;153,3006,1:1.00808472435
151,201,1;154,3008,1:1.00829471052
3003,3005,1;3002,3004,1:1.00865678145
3003,3005,2;3002,3004,1:1.00865678145
151,201,1;3005,3008,1:1.00915961038
151,201,1;3005,3006,1:1.00958172679
3005,3007,1;153,154,1:1.00999629848
3007,3008,1;3001,3003,1:1.01009391821
3005,3007,1;153,154,2:1.01047081456
3003,3005,2;3003,3005,2:1.01076682047
3003,3005,1;3003,3005,1:1.01076682047
3007,3008,1;153,3006,1:1.01140892964
151,201,1;154,203,1:1.01141803516
3007,3008,1;154,3008,1:1.01229481514
151,201,1;3003,3005,2:1.01235907972
151,201,1;3003,3005,1:1.01235907972
3005,3006,1;3007,3008,1:1.01260721684
3002,3004,1;3002,3004,1:1.01264756459
154,203,1;3007,3008,1:1.01273969014
3005,3007,1;153,3006,1:1.01291649256
3007,3008,1;203,205,2:1.0133676211
203,205,1;3007,3008,1:1.0133676211
151,201,1;3002,3004,1:1.01346835196
3007,3008,1;3003,3005,2:1.0143675719
3007,3008,1;3003,3005,1:1.0143675719
3005,3007,1;3007,3008,1:1.01448917389
3005,3007,1;203,205,1:1.01455692202
3005,3007,1;203,205,2:1.01455692202
3005,3007,1;154,203,1:1.01559737149
151,201,1;203,205,1:1.01564004592
151,201,1;203,205,2:1.01564004592
3005,3007,1;154,3008,1:1.01582164764
3007,3008,1;3002,3004,1:1.01609124243
3005,3007,1;3005,3006,1:1.0165581286
151,201,1;151,201,1:1.01753756901
151,201,1;3007,3008,1:1.01824068361
3005,3007,1;3001,3003,1:1.02099965215
151,201,1;3005,3007,1:1.02157538136
3005,3007,1;3003,3005,2:1.0241748929
3005,3007,1;3003,3005,1:1.0241748929
3005,3007,1;3002,3004,1:1.02428962787
3005,3007,1;3005,3007,1:1.02446032233
